albedo=(0.1108, 0.548523, 0.0324022, 1)
fresnelR0=(0.01, 0.01, 0.01)
roughness=0.25
specular=0.5
