albedo=(0.805907, 0.180224, 0.180224, 1)
fresnelR0=(0.01, 0.01, 0.01)
roughness=0.25
specular=0.51
